Example output of the serial communication.
Left is channel A followed by space, then channel B

0 1
0 0
1 0
1 1
0 1
0 0
1 0
1 1
0 1
0 0
1 0
1 1
0 1
0 0
1 0
1 1
1 0
0 1
1 0
0 1
1 0
0 1
1 0
0 1
1 0
0 1
1 0
0 1
1 0
0 1
1 0
0 1
1 0
0 1
1 0
0 1
1 0
0 1
1 0
0 1
1 0
0 1
1 0
0 1
1 0
0 1
1 0
0 1
1 0
0 1
1 0
0 1
1 0
0 1
1 0
0 1
1 0
0 1
1 0
0 1
1 0
0 1
1 0
0 1
1 0
0 1
1 0
0 1
1 0
0 1
1 1
0 0
1 1
0 0
1 1
0 0
1 1
0 0
1 1
0 0
1 0
0 1
1 0
0 1
1 0
0 1
1 0
0 1
1 0
0 1
1 1
0 0
1 1
0 0
1 1
0 0
1 1
0 0
1 0
0 1
1 0
0 1
1 0
0 1
1 0
0 1
1 0
0 1
1 0
0 1
0 0
1 1
0 0
1 1
0 0
1 1
0 0
1 1
0 0
1 1
0 0
1 1
0 0
1 1
0 0
1 1
0 0
1 1
0 0
1 1
0 0
1 1
0 0
1 1
0 0
1 1
0 0
1 1
0 0
1 1
0 0
0 1
1 0
0 1
1 0
0 1
1 0
0 1
1 0
0 1
1 0
0 1
1 0
0 1
1 0
1 1
0 0
1 1
0 0
1 1
0 0
1 1
0 0
1 1
0 0
1 1
0 0
1 1
0 0
1 1
1 0
0 1
1 0
0 1
0 0
1 1
0 0
1 1
0 0
0 1
1 0
0 1
1 0
0 1
1 0
0 1
1 0
0 1
1 0
0 1
1 0